{
 "cells": [
  {
   "cell_type": "code",
   "execution_count": 44,
   "metadata": {},
   "outputs": [],
   "source": [
    "import pandas as pd\n",
    "import numpy as np\n",
    "import matplotlib.pyplot as plt\n",
    "from sklearn.decomposition import PCA\n",
    "from sklearn.preprocessing import StandardScaler\n",
    "\n",
    "# Load the data\n",
    "data = pd.read_csv('data/spotify_songs.csv')\n",
    "data = data.dropna()\n",
    "data = data.drop_duplicates(subset=['track_id', 'track_album_id', 'playlist_id'], inplace=False)\n"
   ]
  },
  {
   "cell_type": "code",
   "execution_count": 45,
   "metadata": {},
   "outputs": [
    {
     "name": "stderr",
     "output_type": "stream",
     "text": [
      "/tmp/ipykernel_30254/1957023661.py:2: FutureWarning:\n",
      "\n",
      "The default value of numeric_only in DataFrame.corr is deprecated. In a future version, it will default to False. Select only valid columns or specify the value of numeric_only to silence this warning.\n",
      "\n"
     ]
    },
    {
     "data": {
      "text/html": [
       "<div>\n",
       "<style scoped>\n",
       "    .dataframe tbody tr th:only-of-type {\n",
       "        vertical-align: middle;\n",
       "    }\n",
       "\n",
       "    .dataframe tbody tr th {\n",
       "        vertical-align: top;\n",
       "    }\n",
       "\n",
       "    .dataframe thead th {\n",
       "        text-align: right;\n",
       "    }\n",
       "</style>\n",
       "<table border=\"1\" class=\"dataframe\">\n",
       "  <thead>\n",
       "    <tr style=\"text-align: right;\">\n",
       "      <th></th>\n",
       "      <th>track_popularity</th>\n",
       "      <th>danceability</th>\n",
       "      <th>energy</th>\n",
       "      <th>key</th>\n",
       "      <th>loudness</th>\n",
       "      <th>mode</th>\n",
       "      <th>speechiness</th>\n",
       "      <th>acousticness</th>\n",
       "      <th>instrumentalness</th>\n",
       "      <th>liveness</th>\n",
       "      <th>valence</th>\n",
       "      <th>tempo</th>\n",
       "      <th>duration_ms</th>\n",
       "    </tr>\n",
       "  </thead>\n",
       "  <tbody>\n",
       "    <tr>\n",
       "      <th>track_popularity</th>\n",
       "      <td>1.000000</td>\n",
       "      <td>0.063205</td>\n",
       "      <td>-0.100927</td>\n",
       "      <td>-0.001215</td>\n",
       "      <td>0.060652</td>\n",
       "      <td>0.011472</td>\n",
       "      <td>0.006616</td>\n",
       "      <td>0.080163</td>\n",
       "      <td>-0.144952</td>\n",
       "      <td>-0.053824</td>\n",
       "      <td>0.032627</td>\n",
       "      <td>-0.001184</td>\n",
       "      <td>-0.139874</td>\n",
       "    </tr>\n",
       "    <tr>\n",
       "      <th>danceability</th>\n",
       "      <td>0.063205</td>\n",
       "      <td>1.000000</td>\n",
       "      <td>-0.087066</td>\n",
       "      <td>0.011085</td>\n",
       "      <td>0.024067</td>\n",
       "      <td>-0.057399</td>\n",
       "      <td>0.182579</td>\n",
       "      <td>-0.023502</td>\n",
       "      <td>-0.008674</td>\n",
       "      <td>-0.125154</td>\n",
       "      <td>0.331114</td>\n",
       "      <td>-0.185787</td>\n",
       "      <td>-0.096966</td>\n",
       "    </tr>\n",
       "    <tr>\n",
       "      <th>energy</th>\n",
       "      <td>-0.100927</td>\n",
       "      <td>-0.087066</td>\n",
       "      <td>1.000000</td>\n",
       "      <td>0.008993</td>\n",
       "      <td>0.676399</td>\n",
       "      <td>-0.004457</td>\n",
       "      <td>-0.032831</td>\n",
       "      <td>-0.537727</td>\n",
       "      <td>0.028846</td>\n",
       "      <td>0.162127</td>\n",
       "      <td>0.151880</td>\n",
       "      <td>0.148974</td>\n",
       "      <td>0.011363</td>\n",
       "    </tr>\n",
       "    <tr>\n",
       "      <th>key</th>\n",
       "      <td>-0.001215</td>\n",
       "      <td>0.011085</td>\n",
       "      <td>0.008993</td>\n",
       "      <td>1.000000</td>\n",
       "      <td>-0.000095</td>\n",
       "      <td>-0.173824</td>\n",
       "      <td>0.023710</td>\n",
       "      <td>0.005825</td>\n",
       "      <td>0.006896</td>\n",
       "      <td>0.002264</td>\n",
       "      <td>0.019577</td>\n",
       "      <td>-0.013402</td>\n",
       "      <td>0.016318</td>\n",
       "    </tr>\n",
       "    <tr>\n",
       "      <th>loudness</th>\n",
       "      <td>0.060652</td>\n",
       "      <td>0.024067</td>\n",
       "      <td>0.676399</td>\n",
       "      <td>-0.000095</td>\n",
       "      <td>1.000000</td>\n",
       "      <td>-0.019497</td>\n",
       "      <td>0.010653</td>\n",
       "      <td>-0.360097</td>\n",
       "      <td>-0.152988</td>\n",
       "      <td>0.078420</td>\n",
       "      <td>0.053437</td>\n",
       "      <td>0.093983</td>\n",
       "      <td>-0.115616</td>\n",
       "    </tr>\n",
       "    <tr>\n",
       "      <th>mode</th>\n",
       "      <td>0.011472</td>\n",
       "      <td>-0.057399</td>\n",
       "      <td>-0.004457</td>\n",
       "      <td>-0.173824</td>\n",
       "      <td>-0.019497</td>\n",
       "      <td>1.000000</td>\n",
       "      <td>-0.062482</td>\n",
       "      <td>0.007904</td>\n",
       "      <td>-0.006304</td>\n",
       "      <td>-0.004930</td>\n",
       "      <td>0.001738</td>\n",
       "      <td>0.015205</td>\n",
       "      <td>0.015893</td>\n",
       "    </tr>\n",
       "    <tr>\n",
       "      <th>speechiness</th>\n",
       "      <td>0.006616</td>\n",
       "      <td>0.182579</td>\n",
       "      <td>-0.032831</td>\n",
       "      <td>0.023710</td>\n",
       "      <td>0.010653</td>\n",
       "      <td>-0.062482</td>\n",
       "      <td>1.000000</td>\n",
       "      <td>0.027149</td>\n",
       "      <td>-0.103488</td>\n",
       "      <td>0.055838</td>\n",
       "      <td>0.063381</td>\n",
       "      <td>0.044510</td>\n",
       "      <td>-0.091198</td>\n",
       "    </tr>\n",
       "    <tr>\n",
       "      <th>acousticness</th>\n",
       "      <td>0.080163</td>\n",
       "      <td>-0.023502</td>\n",
       "      <td>-0.537727</td>\n",
       "      <td>0.005825</td>\n",
       "      <td>-0.360097</td>\n",
       "      <td>0.007904</td>\n",
       "      <td>0.027149</td>\n",
       "      <td>1.000000</td>\n",
       "      <td>-0.004112</td>\n",
       "      <td>-0.076542</td>\n",
       "      <td>-0.015930</td>\n",
       "      <td>-0.111733</td>\n",
       "      <td>-0.082011</td>\n",
       "    </tr>\n",
       "    <tr>\n",
       "      <th>instrumentalness</th>\n",
       "      <td>-0.144952</td>\n",
       "      <td>-0.008674</td>\n",
       "      <td>0.028846</td>\n",
       "      <td>0.006896</td>\n",
       "      <td>-0.152988</td>\n",
       "      <td>-0.006304</td>\n",
       "      <td>-0.103488</td>\n",
       "      <td>-0.004112</td>\n",
       "      <td>1.000000</td>\n",
       "      <td>-0.005447</td>\n",
       "      <td>-0.173283</td>\n",
       "      <td>0.022098</td>\n",
       "      <td>0.058145</td>\n",
       "    </tr>\n",
       "    <tr>\n",
       "      <th>liveness</th>\n",
       "      <td>-0.053824</td>\n",
       "      <td>-0.125154</td>\n",
       "      <td>0.162127</td>\n",
       "      <td>0.002264</td>\n",
       "      <td>0.078420</td>\n",
       "      <td>-0.004930</td>\n",
       "      <td>0.055838</td>\n",
       "      <td>-0.076542</td>\n",
       "      <td>-0.005447</td>\n",
       "      <td>1.000000</td>\n",
       "      <td>-0.021674</td>\n",
       "      <td>0.020300</td>\n",
       "      <td>0.007060</td>\n",
       "    </tr>\n",
       "    <tr>\n",
       "      <th>valence</th>\n",
       "      <td>0.032627</td>\n",
       "      <td>0.331114</td>\n",
       "      <td>0.151880</td>\n",
       "      <td>0.019577</td>\n",
       "      <td>0.053437</td>\n",
       "      <td>0.001738</td>\n",
       "      <td>0.063381</td>\n",
       "      <td>-0.015930</td>\n",
       "      <td>-0.173283</td>\n",
       "      <td>-0.021674</td>\n",
       "      <td>1.000000</td>\n",
       "      <td>-0.025814</td>\n",
       "      <td>-0.029971</td>\n",
       "    </tr>\n",
       "    <tr>\n",
       "      <th>tempo</th>\n",
       "      <td>-0.001184</td>\n",
       "      <td>-0.185787</td>\n",
       "      <td>0.148974</td>\n",
       "      <td>-0.013402</td>\n",
       "      <td>0.093983</td>\n",
       "      <td>0.015205</td>\n",
       "      <td>0.044510</td>\n",
       "      <td>-0.111733</td>\n",
       "      <td>0.022098</td>\n",
       "      <td>0.020300</td>\n",
       "      <td>-0.025814</td>\n",
       "      <td>1.000000</td>\n",
       "      <td>-0.002538</td>\n",
       "    </tr>\n",
       "    <tr>\n",
       "      <th>duration_ms</th>\n",
       "      <td>-0.139874</td>\n",
       "      <td>-0.096966</td>\n",
       "      <td>0.011363</td>\n",
       "      <td>0.016318</td>\n",
       "      <td>-0.115616</td>\n",
       "      <td>0.015893</td>\n",
       "      <td>-0.091198</td>\n",
       "      <td>-0.082011</td>\n",
       "      <td>0.058145</td>\n",
       "      <td>0.007060</td>\n",
       "      <td>-0.029971</td>\n",
       "      <td>-0.002538</td>\n",
       "      <td>1.000000</td>\n",
       "    </tr>\n",
       "  </tbody>\n",
       "</table>\n",
       "</div>"
      ],
      "text/plain": [
       "                  track_popularity  danceability    energy       key  \\\n",
       "track_popularity          1.000000      0.063205 -0.100927 -0.001215   \n",
       "danceability              0.063205      1.000000 -0.087066  0.011085   \n",
       "energy                   -0.100927     -0.087066  1.000000  0.008993   \n",
       "key                      -0.001215      0.011085  0.008993  1.000000   \n",
       "loudness                  0.060652      0.024067  0.676399 -0.000095   \n",
       "mode                      0.011472     -0.057399 -0.004457 -0.173824   \n",
       "speechiness               0.006616      0.182579 -0.032831  0.023710   \n",
       "acousticness              0.080163     -0.023502 -0.537727  0.005825   \n",
       "instrumentalness         -0.144952     -0.008674  0.028846  0.006896   \n",
       "liveness                 -0.053824     -0.125154  0.162127  0.002264   \n",
       "valence                   0.032627      0.331114  0.151880  0.019577   \n",
       "tempo                    -0.001184     -0.185787  0.148974 -0.013402   \n",
       "duration_ms              -0.139874     -0.096966  0.011363  0.016318   \n",
       "\n",
       "                  loudness      mode  speechiness  acousticness  \\\n",
       "track_popularity  0.060652  0.011472     0.006616      0.080163   \n",
       "danceability      0.024067 -0.057399     0.182579     -0.023502   \n",
       "energy            0.676399 -0.004457    -0.032831     -0.537727   \n",
       "key              -0.000095 -0.173824     0.023710      0.005825   \n",
       "loudness          1.000000 -0.019497     0.010653     -0.360097   \n",
       "mode             -0.019497  1.000000    -0.062482      0.007904   \n",
       "speechiness       0.010653 -0.062482     1.000000      0.027149   \n",
       "acousticness     -0.360097  0.007904     0.027149      1.000000   \n",
       "instrumentalness -0.152988 -0.006304    -0.103488     -0.004112   \n",
       "liveness          0.078420 -0.004930     0.055838     -0.076542   \n",
       "valence           0.053437  0.001738     0.063381     -0.015930   \n",
       "tempo             0.093983  0.015205     0.044510     -0.111733   \n",
       "duration_ms      -0.115616  0.015893    -0.091198     -0.082011   \n",
       "\n",
       "                  instrumentalness  liveness   valence     tempo  duration_ms  \n",
       "track_popularity         -0.144952 -0.053824  0.032627 -0.001184    -0.139874  \n",
       "danceability             -0.008674 -0.125154  0.331114 -0.185787    -0.096966  \n",
       "energy                    0.028846  0.162127  0.151880  0.148974     0.011363  \n",
       "key                       0.006896  0.002264  0.019577 -0.013402     0.016318  \n",
       "loudness                 -0.152988  0.078420  0.053437  0.093983    -0.115616  \n",
       "mode                     -0.006304 -0.004930  0.001738  0.015205     0.015893  \n",
       "speechiness              -0.103488  0.055838  0.063381  0.044510    -0.091198  \n",
       "acousticness             -0.004112 -0.076542 -0.015930 -0.111733    -0.082011  \n",
       "instrumentalness          1.000000 -0.005447 -0.173283  0.022098     0.058145  \n",
       "liveness                 -0.005447  1.000000 -0.021674  0.020300     0.007060  \n",
       "valence                  -0.173283 -0.021674  1.000000 -0.025814    -0.029971  \n",
       "tempo                     0.022098  0.020300 -0.025814  1.000000    -0.002538  \n",
       "duration_ms               0.058145  0.007060 -0.029971 -0.002538     1.000000  "
      ]
     },
     "metadata": {},
     "output_type": "display_data"
    }
   ],
   "source": [
    "# coefficient de corrélation de Pearson\n",
    "correlation = data.corr()\n",
    "display(correlation)"
   ]
  },
  {
   "cell_type": "code",
   "execution_count": 46,
   "metadata": {},
   "outputs": [
    {
     "data": {
      "application/vnd.plotly.v1+json": {
       "config": {
        "plotlyServerURL": "https://plot.ly"
       },
       "data": [
        {
         "coloraxis": "coloraxis",
         "hovertemplate": "x: %{x}<br>y: %{y}<br>color: %{z}<extra></extra>",
         "name": "0",
         "type": "heatmap",
         "x": [
          "track_popularity",
          "danceability",
          "energy",
          "key",
          "loudness",
          "mode",
          "speechiness",
          "acousticness",
          "instrumentalness",
          "liveness",
          "valence",
          "tempo",
          "duration_ms"
         ],
         "xaxis": "x",
         "y": [
          "track_popularity",
          "danceability",
          "energy",
          "key",
          "loudness",
          "mode",
          "speechiness",
          "acousticness",
          "instrumentalness",
          "liveness",
          "valence",
          "tempo",
          "duration_ms"
         ],
         "yaxis": "y",
         "z": [
          [
           1,
           0.06320483348435932,
           -0.10092736532010939,
           -0.0012147774569682033,
           0.060651870819949924,
           0.011471873774331762,
           0.006615934498552631,
           0.08016308345472604,
           -0.14495217093745535,
           -0.053824139903995226,
           0.03262699083400412,
           -0.0011841816655219551,
           -0.13987405024873037
          ],
          [
           0.06320483348435932,
           1,
           -0.08706572297664862,
           0.011084674716104201,
           0.024067344442162297,
           -0.05739914794808523,
           0.18257897267366394,
           -0.023502204577381745,
           -0.008674444705615668,
           -0.12515352477901232,
           0.33111357140939623,
           -0.1857865978125433,
           -0.09696636025369744
          ],
          [
           -0.10092736532010939,
           -0.08706572297664862,
           1,
           0.008993214099463725,
           0.6763991731835276,
           -0.004456727228013173,
           -0.03283132065069767,
           -0.5377266432717077,
           0.028846431575060047,
           0.16212675995231385,
           0.15187994058926346,
           0.14897376042886695,
           0.011362769478088819
          ],
          [
           -0.0012147774569682033,
           0.011084674716104201,
           0.008993214099463725,
           1,
           -0.00009506679517537658,
           -0.1738239205568003,
           0.023710293959619558,
           0.005825457892545697,
           0.006895786239868146,
           0.0022642606876880755,
           0.01957656284469588,
           -0.013401779622703816,
           0.01631791038792463
          ],
          [
           0.060651870819949924,
           0.024067344442162297,
           0.6763991731835276,
           -0.00009506679517537658,
           1,
           -0.019497192820522653,
           0.01065263233631221,
           -0.3600966942125134,
           -0.15298809360260712,
           0.07842024412283528,
           0.053437427987149344,
           0.09398330179699141,
           -0.11561643372978965
          ],
          [
           0.011471873774331762,
           -0.05739914794808523,
           -0.004456727228013173,
           -0.1738239205568003,
           -0.019497192820522653,
           1,
           -0.062481560146410604,
           0.007903819618404823,
           -0.006303575655793071,
           -0.004930458698029986,
           0.0017380052297560177,
           0.015205327499709247,
           0.015893228993893282
          ],
          [
           0.006615934498552631,
           0.18257897267366394,
           -0.03283132065069767,
           0.023710293959619558,
           0.01065263233631221,
           -0.062481560146410604,
           1,
           0.027149392332178526,
           -0.10348784810468975,
           0.0558379620042284,
           0.0633808315006567,
           0.044510435272372514,
           -0.09119839965444382
          ],
          [
           0.08016308345472604,
           -0.023502204577381745,
           -0.5377266432717077,
           0.005825457892545697,
           -0.3600966942125134,
           0.007903819618404823,
           0.027149392332178526,
           1,
           -0.004112258920419157,
           -0.07654227143919941,
           -0.01592995101514697,
           -0.11173311338859027,
           -0.08201125321691201
          ],
          [
           -0.14495217093745535,
           -0.008674444705615668,
           0.028846431575060047,
           0.006895786239868146,
           -0.15298809360260712,
           -0.006303575655793071,
           -0.10348784810468975,
           -0.004112258920419157,
           1,
           -0.005446887971269369,
           -0.17328285143234531,
           0.022098048997156762,
           0.05814533050176634
          ],
          [
           -0.053824139903995226,
           -0.12515352477901232,
           0.16212675995231385,
           0.0022642606876880755,
           0.07842024412283528,
           -0.004930458698029986,
           0.0558379620042284,
           -0.07654227143919941,
           -0.005446887971269369,
           1,
           -0.02167365500669343,
           0.02029995829669729,
           0.007060132288548887
          ],
          [
           0.03262699083400412,
           0.33111357140939623,
           0.15187994058926346,
           0.01957656284469588,
           0.053437427987149344,
           0.0017380052297560177,
           0.0633808315006567,
           -0.01592995101514697,
           -0.17328285143234531,
           -0.02167365500669343,
           1,
           -0.025814395981198057,
           -0.029970772901295146
          ],
          [
           -0.0011841816655219551,
           -0.1857865978125433,
           0.14897376042886695,
           -0.013401779622703816,
           0.09398330179699141,
           0.015205327499709247,
           0.044510435272372514,
           -0.11173311338859027,
           0.022098048997156762,
           0.02029995829669729,
           -0.025814395981198057,
           1,
           -0.002538257562416984
          ],
          [
           -0.13987405024873037,
           -0.09696636025369744,
           0.011362769478088819,
           0.01631791038792463,
           -0.11561643372978965,
           0.015893228993893282,
           -0.09119839965444382,
           -0.08201125321691201,
           0.05814533050176634,
           0.007060132288548887,
           -0.029970772901295146,
           -0.002538257562416984,
           1
          ]
         ]
        }
       ],
       "layout": {
        "coloraxis": {
         "cmax": 1,
         "cmin": -1,
         "colorbar": {
          "ticktext": [
           "-1",
           "-0.66",
           "-0.33",
           "0",
           "0.33",
           "0.66",
           "1"
          ],
          "tickvals": [
           -1,
           -0.66,
           -0.33,
           0,
           0.33,
           0.66,
           1
          ]
         },
         "colorscale": [
          [
           0,
           "#0d0887"
          ],
          [
           0.1111111111111111,
           "#46039f"
          ],
          [
           0.2222222222222222,
           "#7201a8"
          ],
          [
           0.3333333333333333,
           "#9c179e"
          ],
          [
           0.4444444444444444,
           "#bd3786"
          ],
          [
           0.5555555555555556,
           "#d8576b"
          ],
          [
           0.6666666666666666,
           "#ed7953"
          ],
          [
           0.7777777777777778,
           "#fb9f3a"
          ],
          [
           0.8888888888888888,
           "#fdca26"
          ],
          [
           1,
           "#f0f921"
          ]
         ]
        },
        "height": 800,
        "margin": {
         "t": 60
        },
        "template": {
         "data": {
          "bar": [
           {
            "error_x": {
             "color": "#2a3f5f"
            },
            "error_y": {
             "color": "#2a3f5f"
            },
            "marker": {
             "line": {
              "color": "#E5ECF6",
              "width": 0.5
             },
             "pattern": {
              "fillmode": "overlay",
              "size": 10,
              "solidity": 0.2
             }
            },
            "type": "bar"
           }
          ],
          "barpolar": [
           {
            "marker": {
             "line": {
              "color": "#E5ECF6",
              "width": 0.5
             },
             "pattern": {
              "fillmode": "overlay",
              "size": 10,
              "solidity": 0.2
             }
            },
            "type": "barpolar"
           }
          ],
          "carpet": [
           {
            "aaxis": {
             "endlinecolor": "#2a3f5f",
             "gridcolor": "white",
             "linecolor": "white",
             "minorgridcolor": "white",
             "startlinecolor": "#2a3f5f"
            },
            "baxis": {
             "endlinecolor": "#2a3f5f",
             "gridcolor": "white",
             "linecolor": "white",
             "minorgridcolor": "white",
             "startlinecolor": "#2a3f5f"
            },
            "type": "carpet"
           }
          ],
          "choropleth": [
           {
            "colorbar": {
             "outlinewidth": 0,
             "ticks": ""
            },
            "type": "choropleth"
           }
          ],
          "contour": [
           {
            "colorbar": {
             "outlinewidth": 0,
             "ticks": ""
            },
            "colorscale": [
             [
              0,
              "#0d0887"
             ],
             [
              0.1111111111111111,
              "#46039f"
             ],
             [
              0.2222222222222222,
              "#7201a8"
             ],
             [
              0.3333333333333333,
              "#9c179e"
             ],
             [
              0.4444444444444444,
              "#bd3786"
             ],
             [
              0.5555555555555556,
              "#d8576b"
             ],
             [
              0.6666666666666666,
              "#ed7953"
             ],
             [
              0.7777777777777778,
              "#fb9f3a"
             ],
             [
              0.8888888888888888,
              "#fdca26"
             ],
             [
              1,
              "#f0f921"
             ]
            ],
            "type": "contour"
           }
          ],
          "contourcarpet": [
           {
            "colorbar": {
             "outlinewidth": 0,
             "ticks": ""
            },
            "type": "contourcarpet"
           }
          ],
          "heatmap": [
           {
            "colorbar": {
             "outlinewidth": 0,
             "ticks": ""
            },
            "colorscale": [
             [
              0,
              "#0d0887"
             ],
             [
              0.1111111111111111,
              "#46039f"
             ],
             [
              0.2222222222222222,
              "#7201a8"
             ],
             [
              0.3333333333333333,
              "#9c179e"
             ],
             [
              0.4444444444444444,
              "#bd3786"
             ],
             [
              0.5555555555555556,
              "#d8576b"
             ],
             [
              0.6666666666666666,
              "#ed7953"
             ],
             [
              0.7777777777777778,
              "#fb9f3a"
             ],
             [
              0.8888888888888888,
              "#fdca26"
             ],
             [
              1,
              "#f0f921"
             ]
            ],
            "type": "heatmap"
           }
          ],
          "heatmapgl": [
           {
            "colorbar": {
             "outlinewidth": 0,
             "ticks": ""
            },
            "colorscale": [
             [
              0,
              "#0d0887"
             ],
             [
              0.1111111111111111,
              "#46039f"
             ],
             [
              0.2222222222222222,
              "#7201a8"
             ],
             [
              0.3333333333333333,
              "#9c179e"
             ],
             [
              0.4444444444444444,
              "#bd3786"
             ],
             [
              0.5555555555555556,
              "#d8576b"
             ],
             [
              0.6666666666666666,
              "#ed7953"
             ],
             [
              0.7777777777777778,
              "#fb9f3a"
             ],
             [
              0.8888888888888888,
              "#fdca26"
             ],
             [
              1,
              "#f0f921"
             ]
            ],
            "type": "heatmapgl"
           }
          ],
          "histogram": [
           {
            "marker": {
             "pattern": {
              "fillmode": "overlay",
              "size": 10,
              "solidity": 0.2
             }
            },
            "type": "histogram"
           }
          ],
          "histogram2d": [
           {
            "colorbar": {
             "outlinewidth": 0,
             "ticks": ""
            },
            "colorscale": [
             [
              0,
              "#0d0887"
             ],
             [
              0.1111111111111111,
              "#46039f"
             ],
             [
              0.2222222222222222,
              "#7201a8"
             ],
             [
              0.3333333333333333,
              "#9c179e"
             ],
             [
              0.4444444444444444,
              "#bd3786"
             ],
             [
              0.5555555555555556,
              "#d8576b"
             ],
             [
              0.6666666666666666,
              "#ed7953"
             ],
             [
              0.7777777777777778,
              "#fb9f3a"
             ],
             [
              0.8888888888888888,
              "#fdca26"
             ],
             [
              1,
              "#f0f921"
             ]
            ],
            "type": "histogram2d"
           }
          ],
          "histogram2dcontour": [
           {
            "colorbar": {
             "outlinewidth": 0,
             "ticks": ""
            },
            "colorscale": [
             [
              0,
              "#0d0887"
             ],
             [
              0.1111111111111111,
              "#46039f"
             ],
             [
              0.2222222222222222,
              "#7201a8"
             ],
             [
              0.3333333333333333,
              "#9c179e"
             ],
             [
              0.4444444444444444,
              "#bd3786"
             ],
             [
              0.5555555555555556,
              "#d8576b"
             ],
             [
              0.6666666666666666,
              "#ed7953"
             ],
             [
              0.7777777777777778,
              "#fb9f3a"
             ],
             [
              0.8888888888888888,
              "#fdca26"
             ],
             [
              1,
              "#f0f921"
             ]
            ],
            "type": "histogram2dcontour"
           }
          ],
          "mesh3d": [
           {
            "colorbar": {
             "outlinewidth": 0,
             "ticks": ""
            },
            "type": "mesh3d"
           }
          ],
          "parcoords": [
           {
            "line": {
             "colorbar": {
              "outlinewidth": 0,
              "ticks": ""
             }
            },
            "type": "parcoords"
           }
          ],
          "pie": [
           {
            "automargin": true,
            "type": "pie"
           }
          ],
          "scatter": [
           {
            "fillpattern": {
             "fillmode": "overlay",
             "size": 10,
             "solidity": 0.2
            },
            "type": "scatter"
           }
          ],
          "scatter3d": [
           {
            "line": {
             "colorbar": {
              "outlinewidth": 0,
              "ticks": ""
             }
            },
            "marker": {
             "colorbar": {
              "outlinewidth": 0,
              "ticks": ""
             }
            },
            "type": "scatter3d"
           }
          ],
          "scattercarpet": [
           {
            "marker": {
             "colorbar": {
              "outlinewidth": 0,
              "ticks": ""
             }
            },
            "type": "scattercarpet"
           }
          ],
          "scattergeo": [
           {
            "marker": {
             "colorbar": {
              "outlinewidth": 0,
              "ticks": ""
             }
            },
            "type": "scattergeo"
           }
          ],
          "scattergl": [
           {
            "marker": {
             "colorbar": {
              "outlinewidth": 0,
              "ticks": ""
             }
            },
            "type": "scattergl"
           }
          ],
          "scattermapbox": [
           {
            "marker": {
             "colorbar": {
              "outlinewidth": 0,
              "ticks": ""
             }
            },
            "type": "scattermapbox"
           }
          ],
          "scatterpolar": [
           {
            "marker": {
             "colorbar": {
              "outlinewidth": 0,
              "ticks": ""
             }
            },
            "type": "scatterpolar"
           }
          ],
          "scatterpolargl": [
           {
            "marker": {
             "colorbar": {
              "outlinewidth": 0,
              "ticks": ""
             }
            },
            "type": "scatterpolargl"
           }
          ],
          "scatterternary": [
           {
            "marker": {
             "colorbar": {
              "outlinewidth": 0,
              "ticks": ""
             }
            },
            "type": "scatterternary"
           }
          ],
          "surface": [
           {
            "colorbar": {
             "outlinewidth": 0,
             "ticks": ""
            },
            "colorscale": [
             [
              0,
              "#0d0887"
             ],
             [
              0.1111111111111111,
              "#46039f"
             ],
             [
              0.2222222222222222,
              "#7201a8"
             ],
             [
              0.3333333333333333,
              "#9c179e"
             ],
             [
              0.4444444444444444,
              "#bd3786"
             ],
             [
              0.5555555555555556,
              "#d8576b"
             ],
             [
              0.6666666666666666,
              "#ed7953"
             ],
             [
              0.7777777777777778,
              "#fb9f3a"
             ],
             [
              0.8888888888888888,
              "#fdca26"
             ],
             [
              1,
              "#f0f921"
             ]
            ],
            "type": "surface"
           }
          ],
          "table": [
           {
            "cells": {
             "fill": {
              "color": "#EBF0F8"
             },
             "line": {
              "color": "white"
             }
            },
            "header": {
             "fill": {
              "color": "#C8D4E3"
             },
             "line": {
              "color": "white"
             }
            },
            "type": "table"
           }
          ]
         },
         "layout": {
          "annotationdefaults": {
           "arrowcolor": "#2a3f5f",
           "arrowhead": 0,
           "arrowwidth": 1
          },
          "autotypenumbers": "strict",
          "coloraxis": {
           "colorbar": {
            "outlinewidth": 0,
            "ticks": ""
           }
          },
          "colorscale": {
           "diverging": [
            [
             0,
             "#8e0152"
            ],
            [
             0.1,
             "#c51b7d"
            ],
            [
             0.2,
             "#de77ae"
            ],
            [
             0.3,
             "#f1b6da"
            ],
            [
             0.4,
             "#fde0ef"
            ],
            [
             0.5,
             "#f7f7f7"
            ],
            [
             0.6,
             "#e6f5d0"
            ],
            [
             0.7,
             "#b8e186"
            ],
            [
             0.8,
             "#7fbc41"
            ],
            [
             0.9,
             "#4d9221"
            ],
            [
             1,
             "#276419"
            ]
           ],
           "sequential": [
            [
             0,
             "#0d0887"
            ],
            [
             0.1111111111111111,
             "#46039f"
            ],
            [
             0.2222222222222222,
             "#7201a8"
            ],
            [
             0.3333333333333333,
             "#9c179e"
            ],
            [
             0.4444444444444444,
             "#bd3786"
            ],
            [
             0.5555555555555556,
             "#d8576b"
            ],
            [
             0.6666666666666666,
             "#ed7953"
            ],
            [
             0.7777777777777778,
             "#fb9f3a"
            ],
            [
             0.8888888888888888,
             "#fdca26"
            ],
            [
             1,
             "#f0f921"
            ]
           ],
           "sequentialminus": [
            [
             0,
             "#0d0887"
            ],
            [
             0.1111111111111111,
             "#46039f"
            ],
            [
             0.2222222222222222,
             "#7201a8"
            ],
            [
             0.3333333333333333,
             "#9c179e"
            ],
            [
             0.4444444444444444,
             "#bd3786"
            ],
            [
             0.5555555555555556,
             "#d8576b"
            ],
            [
             0.6666666666666666,
             "#ed7953"
            ],
            [
             0.7777777777777778,
             "#fb9f3a"
            ],
            [
             0.8888888888888888,
             "#fdca26"
            ],
            [
             1,
             "#f0f921"
            ]
           ]
          },
          "colorway": [
           "#636efa",
           "#EF553B",
           "#00cc96",
           "#ab63fa",
           "#FFA15A",
           "#19d3f3",
           "#FF6692",
           "#B6E880",
           "#FF97FF",
           "#FECB52"
          ],
          "font": {
           "color": "#2a3f5f"
          },
          "geo": {
           "bgcolor": "white",
           "lakecolor": "white",
           "landcolor": "#E5ECF6",
           "showlakes": true,
           "showland": true,
           "subunitcolor": "white"
          },
          "hoverlabel": {
           "align": "left"
          },
          "hovermode": "closest",
          "mapbox": {
           "style": "light"
          },
          "paper_bgcolor": "white",
          "plot_bgcolor": "#E5ECF6",
          "polar": {
           "angularaxis": {
            "gridcolor": "white",
            "linecolor": "white",
            "ticks": ""
           },
           "bgcolor": "#E5ECF6",
           "radialaxis": {
            "gridcolor": "white",
            "linecolor": "white",
            "ticks": ""
           }
          },
          "scene": {
           "xaxis": {
            "backgroundcolor": "#E5ECF6",
            "gridcolor": "white",
            "gridwidth": 2,
            "linecolor": "white",
            "showbackground": true,
            "ticks": "",
            "zerolinecolor": "white"
           },
           "yaxis": {
            "backgroundcolor": "#E5ECF6",
            "gridcolor": "white",
            "gridwidth": 2,
            "linecolor": "white",
            "showbackground": true,
            "ticks": "",
            "zerolinecolor": "white"
           },
           "zaxis": {
            "backgroundcolor": "#E5ECF6",
            "gridcolor": "white",
            "gridwidth": 2,
            "linecolor": "white",
            "showbackground": true,
            "ticks": "",
            "zerolinecolor": "white"
           }
          },
          "shapedefaults": {
           "line": {
            "color": "#2a3f5f"
           }
          },
          "ternary": {
           "aaxis": {
            "gridcolor": "white",
            "linecolor": "white",
            "ticks": ""
           },
           "baxis": {
            "gridcolor": "white",
            "linecolor": "white",
            "ticks": ""
           },
           "bgcolor": "#E5ECF6",
           "caxis": {
            "gridcolor": "white",
            "linecolor": "white",
            "ticks": ""
           }
          },
          "title": {
           "x": 0.05
          },
          "xaxis": {
           "automargin": true,
           "gridcolor": "white",
           "linecolor": "white",
           "ticks": "",
           "title": {
            "standoff": 15
           },
           "zerolinecolor": "white",
           "zerolinewidth": 2
          },
          "yaxis": {
           "automargin": true,
           "gridcolor": "white",
           "linecolor": "white",
           "ticks": "",
           "title": {
            "standoff": 15
           },
           "zerolinecolor": "white",
           "zerolinewidth": 2
          }
         }
        },
        "width": 800,
        "xaxis": {
         "anchor": "y",
         "constrain": "domain",
         "domain": [
          0,
          1
         ],
         "scaleanchor": "y"
        },
        "yaxis": {
         "anchor": "x",
         "autorange": "reversed",
         "constrain": "domain",
         "domain": [
          0,
          1
         ]
        }
       }
      }
     },
     "metadata": {},
     "output_type": "display_data"
    }
   ],
   "source": [
    "from plotly import express as px\n",
    "\n",
